1 49
1 65
1 113
1 200
1 277
1 520
1 521
1 584
1 813
1 899
1 1121
1 1236
1 1536
1 1537
1 1727
2 179
2 180
2 522
2 666
2 667
2 668
2 746
2 904
2 905
2 1122
2 1123
2 1237
2 1728
2 1929
2 1930
3 204
3 225
3 460
3 461
3 585
3 748
3 1127
3 1128
3 1129
3 1237
3 1238
3 1239
3 1240
3 1376
3 2130
4 105
4 114
4 130
4 131
4 226
4 260
4 280
4 414
4 415
4 523
4 587
4 588
4 1130
4 1378
4 1543
5 462
5 673
5 910
5 1015
5 1244
5 1245
5 1545
5 1732
5 1733
5 1934
5 1935
5 1936
5 2132
5 2310
5 2509
6 18
6 261
6 281
6 362
6 363
6 418
6 463
6 464
6 526
6 591
6 592
6 816
6 817
6 1383
6 1548
7 751
7 916
7 1020
7 1135
7 1249
7 1386
7 1551
7 1727
7 1740
7 1939
7 1940
7 1941
7 2512
7 2675
7 2676
8 528
8 822
8 918
8 919
8 1137
8 1557
8 1558
8 1559
8 1741
8 1943
8 1944
8 1945
8 2137
8 2138
8 2314
9 317
9 1021
9 1248
9 1741
9 1743
9 1744
9 1745
9 1949
9 2143
9 2144
9 2145
9 2318
9 2319
9 2516
9 2518
10 3
10 4
10 72
10 181
10 205
10 419
10 529
10 675
10 823
10 824
10 1950
10 1951
10 2150
10 2151
10 2152
11 925
11 1135
11 1566
11 1567
11 1568
11 1750
11 1751
11 1752
11 1958
11 1959
11 2157
11 2158
11 2159
11 2160
11 2326
12 182
12 319
12 320
12 421
12 422
12 595
12 596
12 1136
12 1141
12 1255
12 1571
12 1572
12 1573
12 2163
12 2681
13 30
13 31
13 54
13 55
13 66
13 97
13 228
13 283
13 365
13 415
13 530
13 597
13 1025
13 1394
13 1574
14 5
14 43
14 183
14 184
14 321
14 676
14 1027
14 1028
14 1258
14 1259
14 1964
14 1965
14 1966
14 1967
14 2166
15 185
15 367
15 532
15 599
15 678
15 827
15 828
15 1261
15 1262
15 1397
15 1576
15 1970
15 1971
15 2310
15 2331
16 263
16 288
16 314
16 468
16 469
16 601
16 680
16 756
16 1132
16 1146
16 1264
16 1265
16 1763
16 2310
16 2531
17 49
17 53
17 115
17 425
17 603
17 604
17 605
17 1032
17 1149
17 1150
17 1585
17 1768
17 1977
17 2533
17 2534
18 18
18 32
18 151
18 208
18 264
18 289
18 290
18 322
18 429
18 682
18 683
18 832
18 833
18 1268
18 1269
19 33
19 84
19 106
19 116
19 430
19 471
19 610
19 611
19 684
19 759
19 838
19 839
19 932
19 1270
19 1589
20 56
20 57
20 74
20 81
20 94
20 105
20 211
20 232
20 323
20 324
20 525
20 589
20 1153
20 1274
20 1404
21 9
21 416
21 522
21 672
21 841
21 933
21 1037
21 1155
21 1245
21 1408
21 1545
21 1591
21 1774
21 1980
21 2340
22 233
22 234
22 416
22 431
22 537
22 618
22 691
22 840
22 933
22 936
22 937
22 938
22 1277
22 1411
22 1776
23 939
23 1130
23 1278
23 1380
23 1413
23 1545
23 1593
23 1779
23 1780
23 1982
23 1983
23 1984
23 1985
23 1986
23 2341
24 327
24 328
24 329
24 539
24 623
24 694
24 763
24 907
24 940
24 1040
24 1784
24 1785
24 1786
24 2181
24 2539
25 167
25 540
25 541
25 542
25 847
25 942
25 943
25 1419
25 1420
25 1599
25 1787
25 1993
25 1994
25 1995
25 1996
26 40
26 332
26 333
26 432
26 480
26 544
26 616
26 625
26 762
26 764
26 845
26 1160
26 1284
26 1601
26 1792
27 378
27 545
27 626
27 849
27 850
27 1023
27 1288
27 1422
27 1423
27 1424
27 1602
27 1603
27 1793
27 1794
27 2001
28 212
28 237
28 265
28 334
28 335
28 481
28 546
28 601
28 751
28 935
28 947
28 948
28 1541
28 2188
28 2508
29 134
29 294
29 295
29 296
29 297
29 330
29 694
29 702
29 1261
29 1290
29 1429
29 1430
29 1575
29 1609
29 1733
30 239
30 631
30 632
30 770
30 925
30 1048
30 1167
30 1293
30 1436
30 2006
30 2007
30 2008
30 2191
30 2192
30 2689
31 240
31 266
31 433
31 434
31 549
31 855
31 856
31 1051
31 1052
31 1170
31 1294
31 1295
31 1296
31 1297
31 1437
32 241
32 337
32 338
32 381
32 462
32 486
32 550
32 708
32 949
32 950
32 1054
32 1055
32 1172
32 1417
32 1438
33 487
33 634
33 954
33 955
33 1059
33 1060
33 1304
33 1440
33 1441
33 1442
33 1443
33 1618
33 2013
33 2014
33 2549
34 1061
34 1062
34 1249
34 1447
34 1621
34 1622
34 2016
34 2017
34 2144
34 2203
34 2341
34 2367
34 2553
34 2554
34 2555
35 481
35 489
35 1306
35 1448
35 1583
35 1603
35 1812
35 1813
35 2020
35 2021
35 2206
35 2207
35 2310
35 2370
35 2371
36 168
36 213
36 234
36 267
36 299
36 383
36 384
36 490
36 551
36 907
36 1065
36 1545
36 2213
36 2214
36 2508
37 245
37 481
37 711
37 773
37 959
37 1176
37 1308
37 2023
37 2024
37 2216
37 2217
37 2377
37 2696
37 2754
37 2755
38 71
38 246
38 262
38 386
38 416
38 522
38 540
38 553
38 775
38 860
38 1420
38 1817
38 2028
38 2310
38 2559
39 188
39 384
39 492
39 522
39 639
39 1179
39 1419
39 1818
39 1819
39 2219
39 2382
39 2383
39 2560
39 2561
39 2697
40 1453
40 1628
40 1736
40 1803
40 2031
40 2032
40 2150
40 2310
40 2341
40 2388
40 2389
40 2390
40 2566
40 2701
40 2702
41 270
41 342
41 343
41 388
41 389
41 493
41 641
41 963
41 1070
41 1261
41 1459
41 1583
41 1824
41 2393
41 2703
42 21
42 41
42 42
42 345
42 386
42 594
42 616
42 751
42 1184
42 1729
42 1825
42 1826
42 1827
42 2039
42 2570
43 97
43 190
43 216
43 347
43 348
43 391
43 392
43 438
43 1074
43 1155
43 1316
43 1317
43 1635
43 1828
43 2395
44 119
44 120
44 349
44 439
44 555
44 643
44 1076
44 1465
44 1637
44 2042
44 2224
44 2225
44 2226
44 2227
44 2704
45 440
45 717
45 865
45 866
45 974
45 1048
45 1188
45 1320
45 1321
45 1643
45 1644
45 1834
45 2572
45 2705
45 2769
46 781
46 975
46 1292
46 1839
46 1840
46 1841
46 2048
46 2049
46 2050
46 2051
46 2229
46 2401
46 2402
46 2403
46 2574
47 782
47 1419
47 1471
47 1646
47 1647
47 1846
47 1847
47 1848
47 2005
47 2056
47 2057
47 2231
47 2409
47 2576
47 2577
48 77
48 217
48 303
48 350
48 441
48 442
48 556
48 644
48 867
48 1079
48 1327
48 1473
48 1474
48 1475
48 1649
49 38
49 59
49 63
49 87
49 98
49 99
49 136
49 137
49 170
49 295
49 304
49 413
49 498
49 784
49 1850
50 138
50 253
50 393
50 525
50 620
50 645
50 646
50 980
50 981
50 1197
50 2060
50 2215
50 2508
50 2582
50 2770
51 869
51 984
51 1162
51 1199
51 1332
51 1423
51 1476
51 1570
51 1652
51 1853
51 1854
51 2062
51 2063
51 2240
51 2413
52 46
52 64
52 168
52 219
52 341
52 394
52 395
52 416
52 492
52 870
52 1479
52 1545
52 1655
52 2241
52 2245
53 157
53 1085
53 1086
53 1339
53 1545
53 1630
53 1656
53 1860
53 2067
53 2557
53 2586
53 2709
53 2710
53 2711
53 2712
54 933
54 1031
54 1206
54 1341
54 1342
54 1485
54 1659
54 1660
54 1862
54 1863
54 2072
54 2248
54 2420
54 2421
54 2588
55 751
55 1088
55 1380
55 1382
55 1433
55 1438
55 1487
55 1545
55 1663
55 1793
55 1982
55 2076
55 2188
55 2252
55 2428
56 272
56 397
56 503
56 787
56 875
56 987
56 1089
56 1343
56 1668
56 1874
56 2209
56 2256
56 2431
56 2557
56 2715
57 1420
57 1493
57 1669
57 1670
57 1821
57 1875
57 1876
57 2081
57 2186
57 2257
57 2432
57 2433
57 2594
57 2595
57 2596
58 7
58 154
58 246
58 262
58 273
58 416
58 505
58 687
58 723
58 1494
58 1541
58 1673
58 2188
58 2215
58 2508
59 1208
59 1346
59 1879
59 1880
59 1881
59 2086
59 2260
59 2261
59 2262
59 2351
59 2445
59 2527
59 2551
59 2604
59 2605
60 123
60 124
60 616
60 650
60 690
60 843
60 881
60 1091
60 1092
60 1497
60 1609
60 1763
60 2020
60 2326
60 2451
61 1498
61 1885
61 2269
61 2270
61 2453
61 2454
61 2455
61 2456
61 2611
61 2612
61 2613
61 2722
61 2723
61 2724
61 2758
62 1681
62 1682
62 1793
62 1984
62 2094
62 2252
62 2270
62 2271
62 2272
62 2273
62 2459
62 2460
62 2461
62 2616
62 2725
63 564
63 1094
63 1500
63 1683
63 1684
63 1685
63 1686
63 1879
63 1887
63 1888
63 2072
63 2096
63 2097
63 2277
63 2627
64 172
64 274
64 567
64 616
64 792
64 991
64 1073
64 1096
64 1215
64 1350
64 1692
64 1728
64 2099
64 2218
64 2474
65 68
65 141
65 305
65 508
65 509
65 651
65 729
65 794
65 795
65 1352
65 1353
65 1424
65 1503
65 1893
65 2283
66 78
66 993
66 994
66 1354
66 1504
66 1695
66 2285
66 2286
66 2381
66 2478
66 2479
66 2480
66 2481
66 2634
66 2734
67 39
67 163
67 193
67 444
67 522
67 798
67 886
67 1037
67 1355
67 1505
67 1697
67 1698
67 2290
67 2642
67 2643
68 91
68 111
68 112
68 174
68 354
68 513
68 514
68 572
68 655
68 800
68 1102
68 1219
68 1220
68 1702
68 1703
69 158
69 640
69 1092
69 1104
69 1173
69 1508
69 1509
69 1510
69 1511
69 2012
69 2064
69 2107
69 2413
69 2487
69 2583
70 200
70 255
70 355
70 473
70 480
70 525
70 575
70 657
70 689
70 735
70 1106
70 1223
70 1224
70 1707
70 2292
71 81
71 356
71 437
71 525
71 658
71 710
71 735
71 737
71 1042
71 1132
71 1545
71 1711
71 1742
71 2293
71 2310
72 1002
72 1545
72 1910
72 1911
72 2049
72 2153
72 2206
72 2310
72 2351
72 2352
72 2355
72 2493
72 2494
72 2650
72 2713
73 416
73 447
73 448
73 449
73 450
73 451
73 751
73 1135
73 1261
73 1388
73 1545
73 1570
73 1575
73 1775
73 2310
74 92
74 125
74 159
74 516
74 659
74 738
74 807
74 1363
74 1364
74 1705
74 2666
74 2667
74 2668
74 2669
74 2743
75 48
75 143
75 160
75 175
75 194
75 258
75 453
75 660
75 1005
75 1110
75 1521
75 1522
75 1915
75 1916
75 2115
76 358
76 404
76 405
76 454
76 455
76 655
76 740
76 809
76 892
76 893
76 1006
76 1113
76 1230
76 2751
76 2752
77 21
77 195
77 196
77 345
77 416
77 594
77 616
77 690
77 751
77 1231
77 1315
77 1368
77 1408
77 1827
77 2570
78 308
78 444
78 580
78 743
78 1117
78 1166
78 1369
78 1370
78 1528
78 1628
78 1634
78 1720
78 1923
78 2301
78 2310
79 36
79 80
79 197
79 198
79 259
79 309
79 356
79 473
79 492
79 522
79 1245
79 1308
79 1545
79 2505
79 2570
80 35
80 64
80 81
80 127
80 145
80 199
80 224
80 279
80 342
80 359
80 522
80 551
80 589
80 898
80 1541
